feature,importance,absolute_importance,model,experiment_id,include_prior_grades,use_interactions
failures,-0.8841130099010619,0.8841130099010619,linear_regression,early_warning__baseline_features,False,False
higher_yes,0.8434690505423741,0.8434690505423741,linear_regression,early_warning__baseline_features,False,False
higher_no,-0.8434690505423736,0.8434690505423736,linear_regression,early_warning__baseline_features,False,False
schoolsup_yes,-0.8016965719140406,0.8016965719140406,linear_regression,early_warning__baseline_features,False,False
schoolsup_no,0.8016965719140396,0.8016965719140396,linear_regression,early_warning__baseline_features,False,False
school_GP,0.6968293543991403,0.6968293543991403,linear_regression,early_warning__baseline_features,False,False
school_MS,-0.6968293543991402,0.6968293543991402,linear_regression,early_warning__baseline_features,False,False
Fjob_at_home,0.6418933541283988,0.6418933541283988,linear_regression,early_warning__baseline_features,False,False
Mjob_health,0.6017148964362908,0.6017148964362908,linear_regression,early_warning__baseline_features,False,False
reason_other,-0.5656183724126697,0.5656183724126697,linear_regression,early_warning__baseline_features,False,False
Fjob_services,-0.45743358584695426,0.45743358584695426,linear_regression,early_warning__baseline_features,False,False
guardian_other,0.4560841662911185,0.4560841662911185,linear_regression,early_warning__baseline_features,False,False
Mjob_at_home,-0.4431749703380904,0.4431749703380904,linear_regression,early_warning__baseline_features,False,False
reason_reputation,0.43678844355256674,0.43678844355256674,linear_regression,early_warning__baseline_features,False,False
Fjob_health,-0.39921320151876644,0.39921320151876644,linear_regression,early_warning__baseline_features,False,False
guardian_mother,-0.3788783925199415,0.3788783925199415,linear_regression,early_warning__baseline_features,False,False
health,-0.3281846196286835,0.3281846196286835,linear_regression,early_warning__baseline_features,False,False
studytime,0.2995327283626085,0.2995327283626085,linear_regression,early_warning__baseline_features,False,False
Mjob_other,-0.29107842229902425,0.29107842229902425,linear_regression,early_warning__baseline_features,False,False
Fedu,0.2829800563798985,0.2829800563798985,linear_regression,early_warning__baseline_features,False,False
Dalc,-0.24216557201274558,0.24216557201274558,linear_regression,early_warning__baseline_features,False,False
sex_M,-0.23868630967671023,0.23868630967671023,linear_regression,early_warning__baseline_features,False,False
sex_F,0.23868630967671012,0.23868630967671012,linear_regression,early_warning__baseline_features,False,False
absences,-0.23814546502096215,0.23814546502096215,linear_regression,early_warning__baseline_features,False,False
romantic_yes,-0.18600608549620865,0.18600608549620865,linear_regression,early_warning__baseline_features,False,False
romantic_no,0.18600608549620834,0.18600608549620834,linear_regression,early_warning__baseline_features,False,False
paid_no,0.173920619199478,0.173920619199478,linear_regression,early_warning__baseline_features,False,False
paid_yes,-0.17392061919947777,0.17392061919947777,linear_regression,early_warning__baseline_features,False,False
goout,-0.17193677747840327,0.17193677747840327,linear_regression,early_warning__baseline_features,False,False
famrel,0.16223581151278835,0.16223581151278835,linear_regression,early_warning__baseline_features,False,False
Fjob_other,0.15757079183593936,0.15757079183593936,linear_regression,early_warning__baseline_features,False,False
internet_yes,0.15146618726617295,0.15146618726617295,linear_regression,early_warning__baseline_features,False,False
internet_no,-0.15146618726617295,0.15146618726617295,linear_regression,early_warning__baseline_features,False,False
reason_course,0.14922320688650162,0.14922320688650162,linear_regression,early_warning__baseline_features,False,False
address_R,-0.14276111262771718,0.14276111262771718,linear_regression,early_warning__baseline_features,False,False
address_U,0.1427611126277159,0.1427611126277159,linear_regression,early_warning__baseline_features,False,False
age,0.13403698950687426,0.13403698950687426,linear_regression,early_warning__baseline_features,False,False
freetime,-0.1299505449883315,0.1299505449883315,linear_regression,early_warning__baseline_features,False,False
Mjob_teacher,0.10700294605498761,0.10700294605498761,linear_regression,early_warning__baseline_features,False,False
activities_no,-0.0883880592660618,0.0883880592660618,linear_regression,early_warning__baseline_features,False,False
activities_yes,0.08838805926606173,0.08838805926606173,linear_regression,early_warning__baseline_features,False,False
famsize_LE3,0.08605292979517859,0.08605292979517859,linear_regression,early_warning__baseline_features,False,False
famsize_GT3,-0.08605292979517853,0.08605292979517853,linear_regression,early_warning__baseline_features,False,False
guardian_father,-0.07720577377117743,0.07720577377117743,linear_regression,early_warning__baseline_features,False,False
Pstatus_A,0.07345407940460957,0.07345407940460957,linear_regression,early_warning__baseline_features,False,False
Pstatus_T,-0.07345407940460891,0.07345407940460891,linear_regression,early_warning__baseline_features,False,False
Fjob_teacher,0.05718264140138188,0.05718264140138188,linear_regression,early_warning__baseline_features,False,False
nursery_no,0.05369373233607678,0.05369373233607678,linear_regression,early_warning__baseline_features,False,False
nursery_yes,-0.053693732336076654,0.053693732336076654,linear_regression,early_warning__baseline_features,False,False
Medu,-0.026445337263556246,0.026445337263556246,linear_regression,early_warning__baseline_features,False,False
Mjob_services,0.025535550145836847,0.025535550145836847,linear_regression,early_warning__baseline_features,False,False
traveltime,-0.02197068949914549,0.02197068949914549,linear_regression,early_warning__baseline_features,False,False
reason_home,-0.020393278026398204,0.020393278026398204,linear_regression,early_warning__baseline_features,False,False
Walc,-0.006276121705088067,0.006276121705088067,linear_regression,early_warning__baseline_features,False,False
famsup_yes,-0.0037306351467752963,0.0037306351467752963,linear_regression,early_warning__baseline_features,False,False
famsup_no,0.0037306351467749632,0.0037306351467749632,linear_regression,early_warning__baseline_features,False,False
failures,-0.8825445851392762,0.8825445851392762,ridge,early_warning__baseline_features,False,False
higher_no,-0.8343257342969341,0.8343257342969341,ridge,early_warning__baseline_features,False,False
higher_yes,0.8343257342969319,0.8343257342969319,ridge,early_warning__baseline_features,False,False
schoolsup_yes,-0.7913522816506934,0.7913522816506934,ridge,early_warning__baseline_features,False,False
schoolsup_no,0.7913522816506317,0.7913522816506317,ridge,early_warning__baseline_features,False,False
school_GP,0.6934424404778715,0.6934424404778715,ridge,early_warning__baseline_features,False,False
school_MS,-0.6934424404778611,0.6934424404778611,ridge,early_warning__baseline_features,False,False
Fjob_at_home,0.6153697178469746,0.6153697178469746,ridge,early_warning__baseline_features,False,False
Mjob_health,0.5807112216108483,0.5807112216108483,ridge,early_warning__baseline_features,False,False
reason_other,-0.560050848768456,0.560050848768456,ridge,early_warning__baseline_features,False,False
Fjob_services,-0.4556038402661469,0.4556038402661469,ridge,early_warning__baseline_features,False,False
guardian_other,0.4420001597536436,0.4420001597536436,ridge,early_warning__baseline_features,False,False
reason_reputation,0.4325142745780394,0.4325142745780394,ridge,early_warning__baseline_features,False,False
Mjob_at_home,-0.4311653256924844,0.4311653256924844,ridge,early_warning__baseline_features,False,False
guardian_mother,-0.37105781638723395,0.37105781638723395,ridge,early_warning__baseline_features,False,False
Fjob_health,-0.36607982252080457,0.36607982252080457,ridge,early_warning__baseline_features,False,False
health,-0.3273395453927886,0.3273395453927886,ridge,early_warning__baseline_features,False,False
studytime,0.2997407598861469,0.2997407598861469,ridge,early_warning__baseline_features,False,False
Mjob_other,-0.2824444979102142,0.2824444979102142,ridge,early_warning__baseline_features,False,False
Fedu,0.2800987143021487,0.2800987143021487,ridge,early_warning__baseline_features,False,False
Dalc,-0.24475743015912313,0.24475743015912313,ridge,early_warning__baseline_features,False,False
absences,-0.23679311242564172,0.23679311242564172,ridge,early_warning__baseline_features,False,False
sex_M,-0.23597874930939508,0.23597874930939508,ridge,early_warning__baseline_features,False,False
sex_F,0.23597874930938334,0.23597874930938334,ridge,early_warning__baseline_features,False,False
romantic_no,0.18456938520929733,0.18456938520929733,ridge,early_warning__baseline_features,False,False
romantic_yes,-0.18456938520929622,0.18456938520929622,ridge,early_warning__baseline_features,False,False
paid_yes,-0.17331036334409636,0.17331036334409636,ridge,early_warning__baseline_features,False,False
paid_no,0.17331036334408667,0.17331036334408667,ridge,early_warning__baseline_features,False,False
goout,-0.17159022010674282,0.17159022010674282,ridge,early_warning__baseline_features,False,False
famrel,0.1609133878640302,0.1609133878640302,ridge,early_warning__baseline_features,False,False
Fjob_other,0.15451906178406902,0.15451906178406902,ridge,early_warning__baseline_features,False,False
internet_no,-0.15210720602110056,0.15210720602110056,ridge,early_warning__baseline_features,False,False
internet_yes,0.15210720602110017,0.15210720602110017,ridge,early_warning__baseline_features,False,False
reason_course,0.14795031299792186,0.14795031299792186,ridge,early_warning__baseline_features,False,False
address_U,0.1427877125037147,0.1427877125037147,ridge,early_warning__baseline_features,False,False
address_R,-0.1427877125035358,0.1427877125035358,ridge,early_warning__baseline_features,False,False
age,0.13438354161708665,0.13438354161708665,ridge,early_warning__baseline_features,False,False
freetime,-0.1293201274774823,0.1293201274774823,ridge,early_warning__baseline_features,False,False
Mjob_teacher,0.10618856953888606,0.10618856953888606,ridge,early_warning__baseline_features,False,False
activities_no,-0.0887149676074379,0.0887149676074379,ridge,early_warning__baseline_features,False,False
activities_yes,0.0887149676074373,0.0887149676074373,ridge,early_warning__baseline_features,False,False
famsize_GT3,-0.08652337160221299,0.08652337160221299,ridge,early_warning__baseline_features,False,False
famsize_LE3,0.08652337160221028,0.08652337160221028,ridge,early_warning__baseline_features,False,False
Pstatus_A,0.07293513331829238,0.07293513331829238,ridge,early_warning__baseline_features,False,False
Pstatus_T,-0.07293513331829131,0.07293513331829131,ridge,early_warning__baseline_features,False,False
guardian_father,-0.0709423433664405,0.0709423433664405,ridge,early_warning__baseline_features,False,False
nursery_yes,-0.054206791742575436,0.054206791742575436,ridge,early_warning__baseline_features,False,False
nursery_no,0.05420679174252589,0.05420679174252589,ridge,early_warning__baseline_features,False,False
Fjob_teacher,0.05179488315564683,0.05179488315564683,ridge,early_warning__baseline_features,False,False
Mjob_services,0.026710032452733918,0.026710032452733918,ridge,early_warning__baseline_features,False,False
traveltime,-0.022417538620043455,0.022417538620043455,ridge,early_warning__baseline_features,False,False
Medu,-0.02041599110980349,0.02041599110980349,ridge,early_warning__baseline_features,False,False
reason_home,-0.0204137388077347,0.0204137388077347,ridge,early_warning__baseline_features,False,False
Walc,-0.006652144094713086,0.006652144094713086,ridge,early_warning__baseline_features,False,False
famsup_yes,-0.0024663184265235217,0.0024663184265235217,ridge,early_warning__baseline_features,False,False
famsup_no,0.0024663184265233335,0.0024663184265233335,ridge,early_warning__baseline_features,False,False
higher_no,-1.5814757454889419,1.5814757454889419,lasso,early_warning__baseline_features,False,False
schoolsup_no,1.4881608506849788,1.4881608506849788,lasso,early_warning__baseline_features,False,False
school_GP,1.3787774427389323,1.3787774427389323,lasso,early_warning__baseline_features,False,False
failures,-0.8741514751162635,0.8741514751162635,lasso,early_warning__baseline_features,False,False
reason_other,-0.634391772960214,0.634391772960214,lasso,early_warning__baseline_features,False,False
Fjob_services,-0.495251585718234,0.495251585718234,lasso,early_warning__baseline_features,False,False
sex_F,0.3992438690063512,0.3992438690063512,lasso,early_warning__baseline_features,False,False
Mjob_health,0.3602131831166441,0.3602131831166441,lasso,early_warning__baseline_features,False,False
guardian_other,0.35480678896609363,0.35480678896609363,lasso,early_warning__baseline_features,False,False
Mjob_at_home,-0.3519310729523737,0.3519310729523737,lasso,early_warning__baseline_features,False,False
Fjob_at_home,0.34412006374435056,0.34412006374435056,lasso,early_warning__baseline_features,False,False
health,-0.3191888854043792,0.3191888854043792,lasso,early_warning__baseline_features,False,False
reason_reputation,0.3044091511034907,0.3044091511034907,lasso,early_warning__baseline_features,False,False
studytime,0.2996529447756773,0.2996529447756773,lasso,early_warning__baseline_features,False,False
romantic_no,0.29928246232709177,0.29928246232709177,lasso,early_warning__baseline_features,False,False
internet_no,-0.2711509410753783,0.2711509410753783,lasso,early_warning__baseline_features,False,False
Dalc,-0.2711147078852997,0.2711147078852997,lasso,early_warning__baseline_features,False,False
guardian_mother,-0.2647348858562572,0.2647348858562572,lasso,early_warning__baseline_features,False,False
Fedu,0.24763076252834557,0.24763076252834557,lasso,early_warning__baseline_features,False,False
address_R,-0.24637102709880862,0.24637102709880862,lasso,early_warning__baseline_features,False,False
Mjob_other,-0.22246266815122226,0.22246266815122226,lasso,early_warning__baseline_features,False,False
absences,-0.21833889245743332,0.21833889245743332,lasso,early_warning__baseline_features,False,False
paid_no,0.20500935421317884,0.20500935421317884,lasso,early_warning__baseline_features,False,False
goout,-0.1607943106226388,0.1607943106226388,lasso,early_warning__baseline_features,False,False
famsize_GT3,-0.15276022998996755,0.15276022998996755,lasso,early_warning__baseline_features,False,False
famrel,0.13816667754964843,0.13816667754964843,lasso,early_warning__baseline_features,False,False
activities_no,-0.13172613368460262,0.13172613368460262,lasso,early_warning__baseline_features,False,False
age,0.12720652354934675,0.12720652354934675,lasso,early_warning__baseline_features,False,False
freetime,-0.1092527345682482,0.1092527345682482,lasso,early_warning__baseline_features,False,False
reason_home,-0.06649568288151769,0.06649568288151769,lasso,early_warning__baseline_features,False,False
nursery_no,0.045608672243170556,0.045608672243170556,lasso,early_warning__baseline_features,False,False
Pstatus_A,0.035838487871981115,0.035838487871981115,lasso,early_warning__baseline_features,False,False
Fjob_other,0.027954246293242734,0.027954246293242734,lasso,early_warning__baseline_features,False,False
Medu,0.025204787644744406,0.025204787644744406,lasso,early_warning__baseline_features,False,False
reason_course,0.025006746682749124,0.025006746682749124,lasso,early_warning__baseline_features,False,False
traveltime,-0.0177033695643851,0.0177033695643851,lasso,early_warning__baseline_features,False,False
Walc,-0.003415525687697404,0.003415525687697404,lasso,early_warning__baseline_features,False,False
school_MS,-2.8038114808468676e-15,2.8038114808468676e-15,lasso,early_warning__baseline_features,False,False
paid_yes,-2.1556518884416564e-15,2.1556518884416564e-15,lasso,early_warning__baseline_features,False,False
address_U,1.927417130325001e-15,1.927417130325001e-15,lasso,early_warning__baseline_features,False,False
internet_yes,1.861117719843678e-15,1.861117719843678e-15,lasso,early_warning__baseline_features,False,False
activities_yes,1.0888927554906239e-15,1.0888927554906239e-15,lasso,early_warning__baseline_features,False,False
romantic_yes,-1.054518281473109e-15,1.054518281473109e-15,lasso,early_warning__baseline_features,False,False
sex_M,-7.525952650193681e-16,7.525952650193681e-16,lasso,early_warning__baseline_features,False,False
nursery_yes,-6.942237949162126e-16,6.942237949162126e-16,lasso,early_warning__baseline_features,False,False
famsize_LE3,5.634011775631127e-16,5.634011775631127e-16,lasso,early_warning__baseline_features,False,False
higher_yes,4.726226245635994e-16,4.726226245635994e-16,lasso,early_warning__baseline_features,False,False
Pstatus_T,-3.39693883437263e-16,3.39693883437263e-16,lasso,early_warning__baseline_features,False,False
schoolsup_yes,-2.053045023106336e-16,2.053045023106336e-16,lasso,early_warning__baseline_features,False,False
famsup_yes,0.0,0.0,lasso,early_warning__baseline_features,False,False
Fjob_health,-0.0,0.0,lasso,early_warning__baseline_features,False,False
guardian_father,-0.0,0.0,lasso,early_warning__baseline_features,False,False
Mjob_services,0.0,0.0,lasso,early_warning__baseline_features,False,False
Fjob_teacher,-0.0,0.0,lasso,early_warning__baseline_features,False,False
Mjob_teacher,0.0,0.0,lasso,early_warning__baseline_features,False,False
famsup_no,-0.0,0.0,lasso,early_warning__baseline_features,False,False
failures,0.38684796970507296,0.38684796970507296,decision_tree,early_warning__baseline_features,False,False
school_GP,0.08202206970341312,0.08202206970341312,decision_tree,early_warning__baseline_features,False,False
Walc,0.052648599576082825,0.052648599576082825,decision_tree,early_warning__baseline_features,False,False
higher_no,0.04851023196721625,0.04851023196721625,decision_tree,early_warning__baseline_features,False,False
absences,0.04619911585554761,0.04619911585554761,decision_tree,early_warning__baseline_features,False,False
freetime,0.046177038904254716,0.046177038904254716,decision_tree,early_warning__baseline_features,False,False
school_MS,0.04326828214013811,0.04326828214013811,decision_tree,early_warning__baseline_features,False,False
Fedu,0.041032217483013576,0.041032217483013576,decision_tree,early_warning__baseline_features,False,False
Dalc,0.03651338443059395,0.03651338443059395,decision_tree,early_warning__baseline_features,False,False
famsup_no,0.035298406267812686,0.035298406267812686,decision_tree,early_warning__baseline_features,False,False
schoolsup_yes,0.034537609845300375,0.034537609845300375,decision_tree,early_warning__baseline_features,False,False
guardian_mother,0.027669701898535074,0.027669701898535074,decision_tree,early_warning__baseline_features,False,False
goout,0.026334628127574956,0.026334628127574956,decision_tree,early_warning__baseline_features,False,False
studytime,0.025425852485550994,0.025425852485550994,decision_tree,early_warning__baseline_features,False,False
schoolsup_no,0.020447495281133952,0.020447495281133952,decision_tree,early_warning__baseline_features,False,False
romantic_no,0.017502126441123814,0.017502126441123814,decision_tree,early_warning__baseline_features,False,False
health,0.007333892774904166,0.007333892774904166,decision_tree,early_warning__baseline_features,False,False
Pstatus_A,0.005532100700410667,0.005532100700410667,decision_tree,early_warning__baseline_features,False,False
Fjob_health,0.005295185347524465,0.005295185347524465,decision_tree,early_warning__baseline_features,False,False
reason_home,0.005286424714913789,0.005286424714913789,decision_tree,early_warning__baseline_features,False,False
Medu,0.0032716062788029666,0.0032716062788029666,decision_tree,early_warning__baseline_features,False,False
Fjob_services,0.002074537762654014,0.002074537762654014,decision_tree,early_warning__baseline_features,False,False
age,0.0007715223084250477,0.0007715223084250477,decision_tree,early_warning__baseline_features,False,False
famsup_yes,0.0,0.0,decision_tree,early_warning__baseline_features,False,False
guardian_other,0.0,0.0,decision_tree,early_warning__baseline_features,False,False
nursery_yes,0.0,0.0,decision_tree,early_warning__baseline_features,False,False
paid_no,0.0,0.0,decision_tree,early_warning__baseline_features,False,False
paid_yes,0.0,0.0,decision_tree,early_warning__baseline_features,False,False
activities_no,0.0,0.0,decision_tree,early_warning__baseline_features,False,False
activities_yes,0.0,0.0,decision_tree,early_warning__baseline_features,False,False
nursery_no,0.0,0.0,decision_tree,early_warning__baseline_features,False,False
reason_reputation,0.0,0.0,decision_tree,early_warning__baseline_features,False,False
higher_yes,0.0,0.0,decision_tree,early_warning__baseline_features,False,False
internet_no,0.0,0.0,decision_tree,early_warning__baseline_features,False,False
internet_yes,0.0,0.0,decision_tree,early_warning__baseline_features,False,False
guardian_father,0.0,0.0,decision_tree,early_warning__baseline_features,False,False
Fjob_at_home,0.0,0.0,decision_tree,early_warning__baseline_features,False,False
reason_other,0.0,0.0,decision_tree,early_warning__baseline_features,False,False
famsize_LE3,0.0,0.0,decision_tree,early_warning__baseline_features,False,False
traveltime,0.0,0.0,decision_tree,early_warning__baseline_features,False,False
famrel,0.0,0.0,decision_tree,early_warning__baseline_features,False,False
sex_F,0.0,0.0,decision_tree,early_warning__baseline_features,False,False
sex_M,0.0,0.0,decision_tree,early_warning__baseline_features,False,False
address_R,0.0,0.0,decision_tree,early_warning__baseline_features,False,False
address_U,0.0,0.0,decision_tree,early_warning__baseline_features,False,False
famsize_GT3,0.0,0.0,decision_tree,early_warning__baseline_features,False,False
Pstatus_T,0.0,0.0,decision_tree,early_warning__baseline_features,False,False
reason_course,0.0,0.0,decision_tree,early_warning__baseline_features,False,False
Mjob_at_home,0.0,0.0,decision_tree,early_warning__baseline_features,False,False
Mjob_health,0.0,0.0,decision_tree,early_warning__baseline_features,False,False
Mjob_other,0.0,0.0,decision_tree,early_warning__baseline_features,False,False
Mjob_services,0.0,0.0,decision_tree,early_warning__baseline_features,False,False
Mjob_teacher,0.0,0.0,decision_tree,early_warning__baseline_features,False,False
Fjob_other,0.0,0.0,decision_tree,early_warning__baseline_features,False,False
Fjob_teacher,0.0,0.0,decision_tree,early_warning__baseline_features,False,False
romantic_yes,0.0,0.0,decision_tree,early_warning__baseline_features,False,False
schoolsup_yes,-0.9038170722183824,0.9038170722183824,linear_regression,early_warning__with_interactions,False,True
schoolsup_no,0.903817072218381,0.903817072218381,linear_regression,early_warning__with_interactions,False,True
higher_yes,0.8492652297681939,0.8492652297681939,linear_regression,early_warning__with_interactions,False,True
higher_no,-0.8492652297681939,0.8492652297681939,linear_regression,early_warning__with_interactions,False,True
school_GP,0.6909145134277932,0.6909145134277932,linear_regression,early_warning__with_interactions,False,True
school_MS,-0.6909145134277916,0.6909145134277916,linear_regression,early_warning__with_interactions,False,True
studytime,0.6578363889774261,0.6578363889774261,linear_regression,early_warning__with_interactions,False,True
Fjob_at_home,0.6430158829374768,0.6430158829374768,linear_regression,early_warning__with_interactions,False,True
failures,-0.585577261987225,0.585577261987225,linear_regression,early_warning__with_interactions,False,True
Mjob_health,0.5813672952570651,0.5813672952570651,linear_regression,early_warning__with_interactions,False,True
reason_other,-0.5434884949232877,0.5434884949232877,linear_regression,early_warning__with_interactions,False,True
guardian_other,0.4949362983694426,0.4949362983694426,linear_regression,early_warning__with_interactions,False,True
Fjob_health,-0.4595954377109475,0.4595954377109475,linear_regression,early_warning__with_interactions,False,True
internet_yes,0.45327895939683555,0.45327895939683555,linear_regression,early_warning__with_interactions,False,True
internet_no,-0.45327895939683543,0.45327895939683543,linear_regression,early_warning__with_interactions,False,True
Mjob_at_home,-0.42395444292410495,0.42395444292410495,linear_regression,early_warning__with_interactions,False,True
guardian_mother,-0.40964705603789087,0.40964705603789087,linear_regression,early_warning__with_interactions,False,True
reason_reputation,0.40490828005124757,0.40490828005124757,linear_regression,early_warning__with_interactions,False,True
Fjob_services,-0.39978174561375823,0.39978174561375823,linear_regression,early_warning__with_interactions,False,True
internet_x_studytime,-0.3898408571385459,0.3898408571385459,linear_regression,early_warning__with_interactions,False,True
studytime_x_failures,-0.3729578627513295,0.3729578627513295,linear_regression,early_warning__with_interactions,False,True
Medu_x_Fedu,0.3390166689540127,0.3390166689540127,linear_regression,early_warning__with_interactions,False,True
health,-0.3287493283285945,0.3287493283285945,linear_regression,early_warning__with_interactions,False,True
studytime_x_absences,-0.2922929365833722,0.2922929365833722,linear_regression,early_warning__with_interactions,False,True
Mjob_other,-0.2654762315195849,0.2654762315195849,linear_regression,early_warning__with_interactions,False,True
sex_F,0.26304195183372586,0.26304195183372586,linear_regression,early_warning__with_interactions,False,True
sex_M,-0.2630419518337254,0.2630419518337254,linear_regression,early_warning__with_interactions,False,True
Dalc,-0.22902986539907733,0.22902986539907733,linear_regression,early_warning__with_interactions,False,True
Medu,-0.20579073416615423,0.20579073416615423,linear_regression,early_warning__with_interactions,False,True
Fjob_other,0.1975653748223148,0.1975653748223148,linear_regression,early_warning__with_interactions,False,True
romantic_no,0.1775041042179482,0.1775041042179482,linear_regression,early_warning__with_interactions,False,True
romantic_yes,-0.1775041042179477,0.1775041042179477,linear_regression,early_warning__with_interactions,False,True
goout,-0.17479612256561763,0.17479612256561763,linear_regression,early_warning__with_interactions,False,True
schoolsup_x_failures,0.16455234115143502,0.16455234115143502,linear_regression,early_warning__with_interactions,False,True
address_R,-0.15554644707956178,0.15554644707956178,linear_regression,early_warning__with_interactions,False,True
address_U,0.1555464470795609,0.1555464470795609,linear_regression,early_warning__with_interactions,False,True
famrel,0.15141169709373295,0.15141169709373295,linear_regression,early_warning__with_interactions,False,True
reason_course,0.14638158516539856,0.14638158516539856,linear_regression,early_warning__with_interactions,False,True
paid_yes,-0.12328948776531995,0.12328948776531995,linear_regression,early_warning__with_interactions,False,True
paid_no,0.12328948776531956,0.12328948776531956,linear_regression,early_warning__with_interactions,False,True
freetime,-0.12177309459250812,0.12177309459250812,linear_regression,early_warning__with_interactions,False,True
age,0.12099695353484666,0.12099695353484666,linear_regression,early_warning__with_interactions,False,True
Fedu,0.10969499894255064,0.10969499894255064,linear_regression,early_warning__with_interactions,False,True
famsize_GT3,-0.1051994674169705,0.1051994674169705,linear_regression,early_warning__with_interactions,False,True
famsize_LE3,0.10519946741697003,0.10519946741697003,linear_regression,early_warning__with_interactions,False,True
activities_no,-0.09284989747774978,0.09284989747774978,linear_regression,early_warning__with_interactions,False,True
activities_yes,0.0928498974777497,0.0928498974777497,linear_regression,early_warning__with_interactions,False,True
Pstatus_T,-0.08798922186176206,0.08798922186176206,linear_regression,early_warning__with_interactions,False,True
Pstatus_A,0.0879892218617605,0.0879892218617605,linear_regression,early_warning__with_interactions,False,True
guardian_father,-0.08528924233155169,0.08528924233155169,linear_regression,early_warning__with_interactions,False,True
Mjob_services,0.05893200890919692,0.05893200890919692,linear_regression,early_warning__with_interactions,False,True
Mjob_teacher,0.04913137027742859,0.04913137027742859,linear_regression,early_warning__with_interactions,False,True
traveltime,-0.04349427865331742,0.04349427865331742,linear_regression,early_warning__with_interactions,False,True
nursery_no,0.041987163740638545,0.041987163740638545,linear_regression,early_warning__with_interactions,False,True
nursery_yes,-0.04198716374063827,0.04198716374063827,linear_regression,early_warning__with_interactions,False,True
absences,0.024546906030190663,0.024546906030190663,linear_regression,early_warning__with_interactions,False,True
Fjob_teacher,0.018795925564915023,0.018795925564915023,linear_regression,early_warning__with_interactions,False,True
Walc,-0.009164485554888468,0.009164485554888468,linear_regression,early_warning__with_interactions,False,True
reason_home,-0.007801370293358742,0.007801370293358742,linear_regression,early_warning__with_interactions,False,True
famsup_yes,-0.0006298510895367676,0.0006298510895367676,linear_regression,early_warning__with_interactions,False,True
famsup_no,0.0006298510895363096,0.0006298510895363096,linear_regression,early_warning__with_interactions,False,True
schoolsup_yes,-0.8896519108698345,0.8896519108698345,ridge,early_warning__with_interactions,False,True
schoolsup_no,0.889651910869761,0.889651910869761,ridge,early_warning__with_interactions,False,True
higher_yes,0.8391948643775238,0.8391948643775238,ridge,early_warning__with_interactions,False,True
higher_no,-0.8391948643775111,0.8391948643775111,ridge,early_warning__with_interactions,False,True
school_GP,0.6865146085856337,0.6865146085856337,ridge,early_warning__with_interactions,False,True
school_MS,-0.6865146085856337,0.6865146085856337,ridge,early_warning__with_interactions,False,True
studytime,0.6355827087157363,0.6355827087157363,ridge,early_warning__with_interactions,False,True
Fjob_at_home,0.6161266946899441,0.6161266946899441,ridge,early_warning__with_interactions,False,True
failures,-0.589905085698952,0.589905085698952,ridge,early_warning__with_interactions,False,True
Mjob_health,0.561096325180399,0.561096325180399,ridge,early_warning__with_interactions,False,True
reason_other,-0.5388788461901224,0.5388788461901224,ridge,early_warning__with_interactions,False,True
guardian_other,0.4795809796254144,0.4795809796254144,ridge,early_warning__with_interactions,False,True
internet_yes,0.424171516721893,0.424171516721893,ridge,early_warning__with_interactions,False,True
internet_no,-0.4241715167218903,0.4241715167218903,ridge,early_warning__with_interactions,False,True
Fjob_health,-0.42215006751466416,0.42215006751466416,ridge,early_warning__with_interactions,False,True
Mjob_at_home,-0.4143829055985561,0.4143829055985561,ridge,early_warning__with_interactions,False,True
reason_reputation,0.40239030456404634,0.40239030456404634,ridge,early_warning__with_interactions,False,True
Fjob_services,-0.4013324928176833,0.4013324928176833,ridge,early_warning__with_interactions,False,True
guardian_mother,-0.4002706062613315,0.4002706062613315,ridge,early_warning__with_interactions,False,True
studytime_x_failures,-0.3668716390753919,0.3668716390753919,ridge,early_warning__with_interactions,False,True
internet_x_studytime,-0.35686666140185663,0.35686666140185663,ridge,early_warning__with_interactions,False,True
health,-0.3277047894444586,0.3277047894444586,ridge,early_warning__with_interactions,False,True
Medu_x_Fedu,0.3226149137454783,0.3226149137454783,ridge,early_warning__with_interactions,False,True
studytime_x_absences,-0.28477926871253123,0.28477926871253123,ridge,early_warning__with_interactions,False,True
sex_M,-0.25992517790424247,0.25992517790424247,ridge,early_warning__with_interactions,False,True
sex_F,0.25992517790423314,0.25992517790423314,ridge,early_warning__with_interactions,False,True
Mjob_other,-0.2583236964288554,0.2583236964288554,ridge,early_warning__with_interactions,False,True
Dalc,-0.23153975031196408,0.23153975031196408,ridge,early_warning__with_interactions,False,True
Fjob_other,0.19237008015992643,0.19237008015992643,ridge,early_warning__with_interactions,False,True
Medu,-0.19196886895100412,0.19196886895100412,ridge,early_warning__with_interactions,False,True
romantic_no,0.1762528711038693,0.1762528711038693,ridge,early_warning__with_interactions,False,True
romantic_yes,-0.17625287110385807,0.17625287110385807,ridge,early_warning__with_interactions,False,True
goout,-0.17363241877128718,0.17363241877128718,ridge,early_warning__with_interactions,False,True
schoolsup_x_failures,0.16099142001889252,0.16099142001889252,ridge,early_warning__with_interactions,False,True
address_U,0.15576969694541648,0.15576969694541648,ridge,early_warning__with_interactions,False,True
address_R,-0.15576969694524168,0.15576969694524168,ridge,early_warning__with_interactions,False,True
famrel,0.14974057236275945,0.14974057236275945,ridge,early_warning__with_interactions,False,True
reason_course,0.14579664281599583,0.14579664281599583,ridge,early_warning__with_interactions,False,True
paid_yes,-0.12319544275975236,0.12319544275975236,ridge,early_warning__with_interactions,False,True
paid_no,0.12319544275973883,0.12319544275973883,ridge,early_warning__with_interactions,False,True
age,0.12233688282894113,0.12233688282894113,ridge,early_warning__with_interactions,False,True
freetime,-0.12072525043772026,0.12072525043772026,ridge,early_warning__with_interactions,False,True
Fedu,0.11646238312999811,0.11646238312999811,ridge,early_warning__with_interactions,False,True
famsize_LE3,0.10529214921374869,0.10529214921374869,ridge,early_warning__with_interactions,False,True
famsize_GT3,-0.10529214921374565,0.10529214921374565,ridge,early_warning__with_interactions,False,True
activities_yes,0.09330373559331023,0.09330373559331023,ridge,early_warning__with_interactions,False,True
activities_no,-0.09330373559330653,0.09330373559330653,ridge,early_warning__with_interactions,False,True
Pstatus_A,0.08704235144183264,0.08704235144183264,ridge,early_warning__with_interactions,False,True
Pstatus_T,-0.08704235144182647,0.08704235144182647,ridge,early_warning__with_interactions,False,True
guardian_father,-0.07931037336401044,0.07931037336401044,ridge,early_warning__with_interactions,False,True
Mjob_services,0.059535950330025574,0.059535950330025574,ridge,early_warning__with_interactions,False,True
Mjob_teacher,0.052074326516660996,0.052074326516660996,ridge,early_warning__with_interactions,False,True
nursery_yes,-0.04361665953132029,0.04361665953132029,ridge,early_warning__with_interactions,False,True
nursery_no,0.043616659531272486,0.043616659531272486,ridge,early_warning__with_interactions,False,True
traveltime,-0.04284708908001336,0.04284708908001336,ridge,early_warning__with_interactions,False,True
absences,0.01925041536018393,0.01925041536018393,ridge,early_warning__with_interactions,False,True
Fjob_teacher,0.014985785482165866,0.014985785482165866,ridge,early_warning__with_interactions,False,True
Walc,-0.009708758767992468,0.009708758767992468,ridge,early_warning__with_interactions,False,True
reason_home,-0.009308101190222073,0.009308101190222073,ridge,early_warning__with_interactions,False,True
famsup_yes,0.0005088572069753961,0.0005088572069753961,ridge,early_warning__with_interactions,False,True
famsup_no,-0.0005088572069700494,0.0005088572069700494,ridge,early_warning__with_interactions,False,True
schoolsup_no,1.6202416113508902,1.6202416113508902,lasso,early_warning__with_interactions,False,True
higher_no,-1.569667212028629,1.569667212028629,lasso,early_warning__with_interactions,False,True
school_GP,1.340914708865706,1.340914708865706,lasso,early_warning__with_interactions,False,True
failures,-0.6527122629211476,0.6527122629211476,lasso,early_warning__with_interactions,False,True
reason_other,-0.6166365700680908,0.6166365700680908,lasso,early_warning__with_interactions,False,True
sex_F,0.4471460738655456,0.4471460738655456,lasso,early_warning__with_interactions,False,True
Fjob_services,-0.42895484170284026,0.42895484170284026,lasso,early_warning__with_interactions,False,True
studytime,0.4171477183013722,0.4171477183013722,lasso,early_warning__with_interactions,False,True
guardian_other,0.3851638977649137,0.3851638977649137,lasso,early_warning__with_interactions,False,True
Fjob_at_home,0.3796728413964661,0.3796728413964661,lasso,early_warning__with_interactions,False,True
Mjob_at_home,-0.32771708878453654,0.32771708878453654,lasso,early_warning__with_interactions,False,True
Mjob_health,0.31889356898436616,0.31889356898436616,lasso,early_warning__with_interactions,False,True
health,-0.31163041376116485,0.31163041376116485,lasso,early_warning__with_interactions,False,True
reason_reputation,0.2969771605196546,0.2969771605196546,lasso,early_warning__with_interactions,False,True
romantic_no,0.28586503395740864,0.28586503395740864,lasso,early_warning__with_interactions,False,True
guardian_mother,-0.2812702000038379,0.2812702000038379,lasso,early_warning__with_interactions,False,True
studytime_x_failures,-0.2780080280662472,0.2780080280662472,lasso,early_warning__with_interactions,False,True
address_R,-0.2751056278618895,0.2751056278618895,lasso,early_warning__with_interactions,False,True
Dalc,-0.2593666884380699,0.2593666884380699,lasso,early_warning__with_interactions,False,True
studytime_x_absences,-0.23879441386162592,0.23879441386162592,lasso,early_warning__with_interactions,False,True
internet_no,-0.2303991334101797,0.2303991334101797,lasso,early_warning__with_interactions,False,True
Mjob_other,-0.20268206990626003,0.20268206990626003,lasso,early_warning__with_interactions,False,True
famsize_GT3,-0.1845801249297464,0.1845801249297464,lasso,early_warning__with_interactions,False,True
Fedu,0.17704370511279788,0.17704370511279788,lasso,early_warning__with_interactions,False,True
goout,-0.154030409454579,0.154030409454579,lasso,early_warning__with_interactions,False,True
activities_no,-0.13717225188900514,0.13717225188900514,lasso,early_warning__with_interactions,False,True
famrel,0.12347497712212732,0.12347497712212732,lasso,early_warning__with_interactions,False,True
schoolsup_x_failures,0.12095404825822813,0.12095404825822813,lasso,early_warning__with_interactions,False,True
Medu_x_Fedu,0.11866954892005024,0.11866954892005024,lasso,early_warning__with_interactions,False,True
age,0.1178449499357771,0.1178449499357771,lasso,early_warning__with_interactions,False,True
paid_no,0.10712622974897038,0.10712622974897038,lasso,early_warning__with_interactions,False,True
freetime,-0.09650646188748778,0.09650646188748778,lasso,early_warning__with_interactions,False,True
Fjob_other,0.07751023344899403,0.07751023344899403,lasso,early_warning__with_interactions,False,True
reason_home,-0.0664470579011051,0.0664470579011051,lasso,early_warning__with_interactions,False,True
Pstatus_A,0.06109456752203386,0.06109456752203386,lasso,early_warning__with_interactions,False,True
nursery_no,0.053815416183891726,0.053815416183891726,lasso,early_warning__with_interactions,False,True
reason_course,0.03249924909556863,0.03249924909556863,lasso,early_warning__with_interactions,False,True
traveltime,-0.020431419014657035,0.020431419014657035,lasso,early_warning__with_interactions,False,True
internet_x_studytime,-0.010939647643866008,0.010939647643866008,lasso,early_warning__with_interactions,False,True
Medu,-0.007397478290076634,0.007397478290076634,lasso,early_warning__with_interactions,False,True
Walc,-0.006838958691371777,0.006838958691371777,lasso,early_warning__with_interactions,False,True
internet_yes,2.4629717088478524e-15,2.4629717088478524e-15,lasso,early_warning__with_interactions,False,True
sex_M,-2.2159749470014725e-15,2.2159749470014725e-15,lasso,early_warning__with_interactions,False,True
famsize_LE3,1.9889768844273525e-15,1.9889768844273525e-15,lasso,early_warning__with_interactions,False,True
school_MS,-1.2669629418800017e-15,1.2669629418800017e-15,lasso,early_warning__with_interactions,False,True
nursery_yes,-1.05735624148777e-15,1.05735624148777e-15,lasso,early_warning__with_interactions,False,True
activities_yes,9.519251132905455e-16,9.519251132905455e-16,lasso,early_warning__with_interactions,False,True
romantic_yes,-9.512787294407765e-16,9.512787294407765e-16,lasso,early_warning__with_interactions,False,True
address_U,9.437146115284238e-16,9.437146115284238e-16,lasso,early_warning__with_interactions,False,True
paid_yes,-6.61066579122108e-16,6.61066579122108e-16,lasso,early_warning__with_interactions,False,True
schoolsup_yes,-5.972494612672977e-16,5.972494612672977e-16,lasso,early_warning__with_interactions,False,True
Pstatus_T,-2.8873980092167355e-16,2.8873980092167355e-16,lasso,early_warning__with_interactions,False,True
higher_yes,2.6256812475755517e-16,2.6256812475755517e-16,lasso,early_warning__with_interactions,False,True
famsup_yes,0.0,0.0,lasso,early_warning__with_interactions,False,True
Fjob_teacher,0.0,0.0,lasso,early_warning__with_interactions,False,True
absences,-0.0,0.0,lasso,early_warning__with_interactions,False,True
famsup_no,-0.0,0.0,lasso,early_warning__with_interactions,False,True
Fjob_health,-0.0,0.0,lasso,early_warning__with_interactions,False,True
Mjob_services,0.0,0.0,lasso,early_warning__with_interactions,False,True
guardian_father,0.0,0.0,lasso,early_warning__with_interactions,False,True
Mjob_teacher,0.0,0.0,lasso,early_warning__with_interactions,False,True
failures,0.3868479697050729,0.3868479697050729,decision_tree,early_warning__with_interactions,False,True
school_GP,0.08202206970341311,0.08202206970341311,decision_tree,early_warning__with_interactions,False,True
absences,0.04871846956639238,0.04871846956639238,decision_tree,early_warning__with_interactions,False,True
higher_no,0.048510231967216245,0.048510231967216245,decision_tree,early_warning__with_interactions,False,True
school_MS,0.0432682821401381,0.0432682821401381,decision_tree,early_warning__with_interactions,False,True
Fedu,0.04103221748301357,0.04103221748301357,decision_tree,early_warning__with_interactions,False,True
freetime,0.03999343047672946,0.03999343047672946,decision_tree,early_warning__with_interactions,False,True
Walc,0.03876119802443196,0.03876119802443196,decision_tree,early_warning__with_interactions,False,True
Dalc,0.03651338443059395,0.03651338443059395,decision_tree,early_warning__with_interactions,False,True
famsup_no,0.03529840626781268,0.03529840626781268,decision_tree,early_warning__with_interactions,False,True
schoolsup_no,0.03453760984530039,0.03453760984530039,decision_tree,early_warning__with_interactions,False,True
guardian_mother,0.02766970189853507,0.02766970189853507,decision_tree,early_warning__with_interactions,False,True
age,0.026374632988011824,0.026374632988011824,decision_tree,early_warning__with_interactions,False,True
reason_other,0.026334628127574953,0.026334628127574953,decision_tree,early_warning__with_interactions,False,True
studytime,0.022906498774706213,0.022906498774706213,decision_tree,early_warning__with_interactions,False,True
schoolsup_yes,0.020447495281133956,0.020447495281133956,decision_tree,early_warning__with_interactions,False,True
guardian_father,0.01750212644112381,0.01750212644112381,decision_tree,early_warning__with_interactions,False,True
health,0.007333892774904165,0.007333892774904165,decision_tree,early_warning__with_interactions,False,True
Fjob_health,0.005295185347524464,0.005295185347524464,decision_tree,early_warning__with_interactions,False,True
reason_home,0.005286424714913788,0.005286424714913788,decision_tree,early_warning__with_interactions,False,True
Medu_x_Fedu,0.0032716062788029658,0.0032716062788029658,decision_tree,early_warning__with_interactions,False,True
famsup_yes,0.0020745377626540137,0.0020745377626540137,decision_tree,early_warning__with_interactions,False,True
reason_reputation,0.0,0.0,decision_tree,early_warning__with_interactions,False,True
romantic_no,0.0,0.0,decision_tree,early_warning__with_interactions,False,True
guardian_other,0.0,0.0,decision_tree,early_warning__with_interactions,False,True
higher_yes,0.0,0.0,decision_tree,early_warning__with_interactions,False,True
internet_yes,0.0,0.0,decision_tree,early_warning__with_interactions,False,True
paid_no,0.0,0.0,decision_tree,early_warning__with_interactions,False,True
paid_yes,0.0,0.0,decision_tree,early_warning__with_interactions,False,True
activities_no,0.0,0.0,decision_tree,early_warning__with_interactions,False,True
activities_yes,0.0,0.0,decision_tree,early_warning__with_interactions,False,True
internet_no,0.0,0.0,decision_tree,early_warning__with_interactions,False,True
Fjob_teacher,0.0,0.0,decision_tree,early_warning__with_interactions,False,True
nursery_no,0.0,0.0,decision_tree,early_warning__with_interactions,False,True
nursery_yes,0.0,0.0,decision_tree,early_warning__with_interactions,False,True
reason_course,0.0,0.0,decision_tree,early_warning__with_interactions,False,True
Mjob_other,0.0,0.0,decision_tree,early_warning__with_interactions,False,True
Fjob_services,0.0,0.0,decision_tree,early_warning__with_interactions,False,True
Fjob_other,0.0,0.0,decision_tree,early_warning__with_interactions,False,True
traveltime,0.0,0.0,decision_tree,early_warning__with_interactions,False,True
famrel,0.0,0.0,decision_tree,early_warning__with_interactions,False,True
goout,0.0,0.0,decision_tree,early_warning__with_interactions,False,True
studytime_x_absences,0.0,0.0,decision_tree,early_warning__with_interactions,False,True
studytime_x_failures,0.0,0.0,decision_tree,early_warning__with_interactions,False,True
schoolsup_x_failures,0.0,0.0,decision_tree,early_warning__with_interactions,False,True
internet_x_studytime,0.0,0.0,decision_tree,early_warning__with_interactions,False,True
sex_F,0.0,0.0,decision_tree,early_warning__with_interactions,False,True
sex_M,0.0,0.0,decision_tree,early_warning__with_interactions,False,True
address_R,0.0,0.0,decision_tree,early_warning__with_interactions,False,True
address_U,0.0,0.0,decision_tree,early_warning__with_interactions,False,True
famsize_GT3,0.0,0.0,decision_tree,early_warning__with_interactions,False,True
famsize_LE3,0.0,0.0,decision_tree,early_warning__with_interactions,False,True
Pstatus_A,0.0,0.0,decision_tree,early_warning__with_interactions,False,True
Pstatus_T,0.0,0.0,decision_tree,early_warning__with_interactions,False,True
Mjob_at_home,0.0,0.0,decision_tree,early_warning__with_interactions,False,True
Mjob_health,0.0,0.0,decision_tree,early_warning__with_interactions,False,True
Medu,0.0,0.0,decision_tree,early_warning__with_interactions,False,True
Mjob_services,0.0,0.0,decision_tree,early_warning__with_interactions,False,True
Mjob_teacher,0.0,0.0,decision_tree,early_warning__with_interactions,False,True
Fjob_at_home,0.0,0.0,decision_tree,early_warning__with_interactions,False,True
romantic_yes,0.0,0.0,decision_tree,early_warning__with_interactions,False,True
G2,2.471735409838467,2.471735409838467,linear_regression,with_prior_grades__baseline_features,True,False
G1,0.4602616599217044,0.4602616599217044,linear_regression,with_prior_grades__baseline_features,True,False
Fjob_at_home,0.34110456515479554,0.34110456515479554,linear_regression,with_prior_grades__baseline_features,True,False
Mjob_other,-0.28177763773634656,0.28177763773634656,linear_regression,with_prior_grades__baseline_features,True,False
reason_other,-0.24710995599679736,0.24710995599679736,linear_regression,with_prior_grades__baseline_features,True,False
guardian_other,0.21792997013101853,0.21792997013101853,linear_regression,with_prior_grades__baseline_features,True,False
Fjob_teacher,-0.1946648157456346,0.1946648157456346,linear_regression,with_prior_grades__baseline_features,True,False
Fjob_services,-0.1895253657092002,0.1895253657092002,linear_regression,with_prior_grades__baseline_features,True,False
Mjob_health,0.1870433484689076,0.1870433484689076,linear_regression,with_prior_grades__baseline_features,True,False
reason_course,0.17160004626116723,0.17160004626116723,linear_regression,with_prior_grades__baseline_features,True,False
Medu,-0.16625415445314662,0.16625415445314662,linear_regression,with_prior_grades__baseline_features,True,False
Mjob_at_home,-0.15595672387022383,0.15595672387022383,linear_regression,with_prior_grades__baseline_features,True,False
school_MS,-0.15227574195775118,0.15227574195775118,linear_regression,with_prior_grades__baseline_features,True,False
school_GP,0.1522757419577511,0.1522757419577511,linear_regression,with_prior_grades__baseline_features,True,False
Mjob_teacher,0.1467252057178534,0.1467252057178534,linear_regression,with_prior_grades__baseline_features,True,False
failures,-0.12430279899326466,0.12430279899326466,linear_regression,with_prior_grades__baseline_features,True,False
freetime,-0.11390828992541854,0.11390828992541854,linear_regression,with_prior_grades__baseline_features,True,False
guardian_mother,-0.11331159503550696,0.11331159503550696,linear_regression,with_prior_grades__baseline_features,True,False
guardian_father,-0.1046183750955107,0.1046183750955107,linear_regression,with_prior_grades__baseline_features,True,False
Mjob_services,0.1039658074198091,0.1039658074198091,linear_regression,with_prior_grades__baseline_features,True,False
paid_no,0.09617878285392124,0.09617878285392124,linear_regression,with_prior_grades__baseline_features,True,False
paid_yes,-0.09617878285392117,0.09617878285392117,linear_regression,with_prior_grades__baseline_features,True,False
traveltime,0.08366242135902124,0.08366242135902124,linear_regression,with_prior_grades__baseline_features,True,False
health,-0.079442144268561,0.079442144268561,linear_regression,with_prior_grades__baseline_features,True,False
schoolsup_yes,-0.07882895734907952,0.07882895734907952,linear_regression,with_prior_grades__baseline_features,True,False
schoolsup_no,0.0788289573490793,0.0788289573490793,linear_regression,with_prior_grades__baseline_features,True,False
Dalc,-0.06785074704038496,0.06785074704038496,linear_regression,with_prior_grades__baseline_features,True,False
famsup_no,-0.06022935251892502,0.06022935251892502,linear_regression,with_prior_grades__baseline_features,True,False
famsup_yes,0.060229352518925014,0.060229352518925014,linear_regression,with_prior_grades__baseline_features,True,False
internet_no,-0.05643423955641211,0.05643423955641211,linear_regression,with_prior_grades__baseline_features,True,False
internet_yes,0.056434239556412025,0.056434239556412025,linear_regression,with_prior_grades__baseline_features,True,False
absences,0.05397063317817463,0.05397063317817463,linear_regression,with_prior_grades__baseline_features,True,False
address_R,-0.052390328124718305,0.052390328124718305,linear_regression,with_prior_grades__baseline_features,True,False
address_U,0.05239032812471822,0.05239032812471822,linear_regression,with_prior_grades__baseline_features,True,False
studytime,0.0500816263963241,0.0500816263963241,linear_regression,with_prior_grades__baseline_features,True,False
reason_home,0.047925051645111814,0.047925051645111814,linear_regression,with_prior_grades__baseline_features,True,False
sex_M,-0.04179955586568457,0.04179955586568457,linear_regression,with_prior_grades__baseline_features,True,False
sex_F,0.041799555865684145,0.041799555865684145,linear_regression,with_prior_grades__baseline_features,True,False
Fedu,0.0415402759394905,0.0415402759394905,linear_regression,with_prior_grades__baseline_features,True,False
famrel,-0.040140465458136765,0.040140465458136765,linear_regression,with_prior_grades__baseline_features,True,False
famsize_LE3,0.03931263705841943,0.03931263705841943,linear_regression,with_prior_grades__baseline_features,True,False
famsize_GT3,-0.03931263705841919,0.03931263705841919,linear_regression,with_prior_grades__baseline_features,True,False
Walc,0.03515618064207782,0.03515618064207782,linear_regression,with_prior_grades__baseline_features,True,False
Fjob_health,0.032534100038788566,0.032534100038788566,linear_regression,with_prior_grades__baseline_features,True,False
nursery_no,0.030450520248364147,0.030450520248364147,linear_regression,with_prior_grades__baseline_features,True,False
nursery_yes,-0.03045052024836394,0.03045052024836394,linear_regression,with_prior_grades__baseline_features,True,False
romantic_yes,0.030361180321684098,0.030361180321684098,linear_regression,with_prior_grades__baseline_features,True,False
romantic_no,-0.03036118032168407,0.03036118032168407,linear_regression,with_prior_grades__baseline_features,True,False
reason_reputation,0.027584858090517736,0.027584858090517736,linear_regression,with_prior_grades__baseline_features,True,False
higher_no,-0.025447974306891927,0.025447974306891927,linear_regression,with_prior_grades__baseline_features,True,False
higher_yes,0.025447974306891635,0.025447974306891635,linear_regression,with_prior_grades__baseline_features,True,False
goout,0.020842169493184293,0.020842169493184293,linear_regression,with_prior_grades__baseline_features,True,False
activities_no,0.019736102277813763,0.019736102277813763,linear_regression,with_prior_grades__baseline_features,True,False
activities_yes,-0.019736102277813646,0.019736102277813646,linear_regression,with_prior_grades__baseline_features,True,False
Pstatus_A,0.011789951926005023,0.011789951926005023,linear_regression,with_prior_grades__baseline_features,True,False
Pstatus_T,-0.011789951926004794,0.011789951926004794,linear_regression,with_prior_grades__baseline_features,True,False
Fjob_other,0.01055151626125067,0.01055151626125067,linear_regression,with_prior_grades__baseline_features,True,False
age,0.007371720958873168,0.007371720958873168,linear_regression,with_prior_grades__baseline_features,True,False
G2,2.4556615941608833,2.4556615941608833,ridge,with_prior_grades__baseline_features,True,False
G1,0.4722547320946649,0.4722547320946649,ridge,with_prior_grades__baseline_features,True,False
Fjob_at_home,0.3307829425629719,0.3307829425629719,ridge,with_prior_grades__baseline_features,True,False
Mjob_other,-0.2775332017091787,0.2775332017091787,ridge,with_prior_grades__baseline_features,True,False
reason_other,-0.2455039137078729,0.2455039137078729,ridge,with_prior_grades__baseline_features,True,False
guardian_other,0.2123959519803758,0.2123959519803758,ridge,with_prior_grades__baseline_features,True,False
Fjob_services,-0.18886288098009354,0.18886288098009354,ridge,with_prior_grades__baseline_features,True,False
Fjob_teacher,-0.1829063023680019,0.1829063023680019,ridge,with_prior_grades__baseline_features,True,False
Mjob_health,0.1827864150941123,0.1827864150941123,ridge,with_prior_grades__baseline_features,True,False
reason_course,0.17072753892411305,0.17072753892411305,ridge,with_prior_grades__baseline_features,True,False
Medu,-0.1630436509323857,0.1630436509323857,ridge,with_prior_grades__baseline_features,True,False
school_GP,0.15194325012063495,0.15194325012063495,ridge,with_prior_grades__baseline_features,True,False
school_MS,-0.1519432501206096,0.1519432501206096,ridge,with_prior_grades__baseline_features,True,False
Mjob_at_home,-0.1495997676298268,0.1495997676298268,ridge,with_prior_grades__baseline_features,True,False
Mjob_teacher,0.1414898534366034,0.1414898534366034,ridge,with_prior_grades__baseline_features,True,False
failures,-0.12520340300068813,0.12520340300068813,ridge,with_prior_grades__baseline_features,True,False
freetime,-0.11355808835816492,0.11355808835816492,ridge,with_prior_grades__baseline_features,True,False
guardian_mother,-0.11101071872032567,0.11101071872032567,ridge,with_prior_grades__baseline_features,True,False
Mjob_services,0.10285670080811098,0.10285670080811098,ridge,with_prior_grades__baseline_features,True,False
guardian_father,-0.10138523326013339,0.10138523326013339,ridge,with_prior_grades__baseline_features,True,False
paid_no,0.09432376432413861,0.09432376432413861,ridge,with_prior_grades__baseline_features,True,False
paid_yes,-0.09432376432412723,0.09432376432412723,ridge,with_prior_grades__baseline_features,True,False
traveltime,0.0828366734263096,0.0828366734263096,ridge,with_prior_grades__baseline_features,True,False
health,-0.07979623613380196,0.07979623613380196,ridge,with_prior_grades__baseline_features,True,False
schoolsup_yes,-0.0780480224682891,0.0780480224682891,ridge,with_prior_grades__baseline_features,True,False
schoolsup_no,0.07804802246825535,0.07804802246825535,ridge,with_prior_grades__baseline_features,True,False
Dalc,-0.06835800449738275,0.06835800449738275,ridge,with_prior_grades__baseline_features,True,False
famsup_yes,0.060556251784661695,0.060556251784661695,ridge,with_prior_grades__baseline_features,True,False
famsup_no,-0.0605562517846613,0.0605562517846613,ridge,with_prior_grades__baseline_features,True,False
internet_yes,0.05692975317981061,0.05692975317981061,ridge,with_prior_grades__baseline_features,True,False
internet_no,-0.0569297531798099,0.0569297531798099,ridge,with_prior_grades__baseline_features,True,False
absences,0.054217305539095186,0.054217305539095186,ridge,with_prior_grades__baseline_features,True,False
address_U,0.05262202101737796,0.05262202101737796,ridge,with_prior_grades__baseline_features,True,False
address_R,-0.05262202101718653,0.05262202101718653,ridge,with_prior_grades__baseline_features,True,False
studytime,0.050275621974773366,0.050275621974773366,ridge,with_prior_grades__baseline_features,True,False
reason_home,0.04660103882243886,0.04660103882243886,ridge,with_prior_grades__baseline_features,True,False
sex_F,0.04158146071970959,0.04158146071970959,ridge,with_prior_grades__baseline_features,True,False
sex_M,-0.041581460719708314,0.041581460719708314,ridge,with_prior_grades__baseline_features,True,False
Fedu,0.04029270167234396,0.04029270167234396,ridge,with_prior_grades__baseline_features,True,False
famrel,-0.039786691030005726,0.039786691030005726,ridge,with_prior_grades__baseline_features,True,False
famsize_LE3,0.03974565035367465,0.03974565035367465,ridge,with_prior_grades__baseline_features,True,False
famsize_GT3,-0.03974565035367426,0.03974565035367426,ridge,with_prior_grades__baseline_features,True,False
Walc,0.0348980347652075,0.0348980347652075,ridge,with_prior_grades__baseline_features,True,False
Fjob_health,0.03094349361625947,0.03094349361625947,ridge,with_prior_grades__baseline_features,True,False
nursery_yes,-0.030261727059194585,0.030261727059194585,ridge,with_prior_grades__baseline_features,True,False
nursery_no,0.030261727059146194,0.030261727059146194,ridge,with_prior_grades__baseline_features,True,False
romantic_no,-0.029178479260180648,0.029178479260180648,ridge,with_prior_grades__baseline_features,True,False
romantic_yes,0.029178479260180322,0.029178479260180322,ridge,with_prior_grades__baseline_features,True,False
reason_reputation,0.0281753359612294,0.0281753359612294,ridge,with_prior_grades__baseline_features,True,False
higher_yes,0.025664170580653862,0.025664170580653862,ridge,with_prior_grades__baseline_features,True,False
higher_no,-0.025664170580653737,0.025664170580653737,ridge,with_prior_grades__baseline_features,True,False
goout,0.01990048303724599,0.01990048303724599,ridge,with_prior_grades__baseline_features,True,False
activities_yes,-0.0194573628083313,0.0194573628083313,ridge,with_prior_grades__baseline_features,True,False
activities_no,0.019457362808331095,0.019457362808331095,ridge,with_prior_grades__baseline_features,True,False
Pstatus_A,0.012522221183693168,0.012522221183693168,ridge,with_prior_grades__baseline_features,True,False
Pstatus_T,-0.012522221183691324,0.012522221183691324,ridge,with_prior_grades__baseline_features,True,False
Fjob_other,0.010042747168650076,0.010042747168650076,ridge,with_prior_grades__baseline_features,True,False
age,0.009461393274610591,0.009461393274610591,ridge,with_prior_grades__baseline_features,True,False
G2,2.4729059437479335,2.4729059437479335,lasso,with_prior_grades__baseline_features,True,False
G1,0.4772881962981126,0.4772881962981126,lasso,with_prior_grades__baseline_features,True,False
school_GP,0.25958795729420564,0.25958795729420564,lasso,with_prior_grades__baseline_features,True,False
Mjob_other,-0.24967033536764086,0.24967033536764086,lasso,with_prior_grades__baseline_features,True,False
reason_other,-0.2364027718840168,0.2364027718840168,lasso,with_prior_grades__baseline_features,True,False
Fjob_at_home,0.1541465597472092,0.1541465597472092,lasso,with_prior_grades__baseline_features,True,False
guardian_other,0.14837076982129024,0.14837076982129024,lasso,with_prior_grades__baseline_features,True,False
Fjob_services,-0.12867987522387445,0.12867987522387445,lasso,with_prior_grades__baseline_features,True,False
failures,-0.10249570592797103,0.10249570592797103,lasso,with_prior_grades__baseline_features,True,False
reason_course,0.10197462029984217,0.10197462029984217,lasso,with_prior_grades__baseline_features,True,False
famsup_no,-0.10020406938888048,0.10020406938888048,lasso,with_prior_grades__baseline_features,True,False
Medu,-0.09942039253581857,0.09942039253581857,lasso,with_prior_grades__baseline_features,True,False
freetime,-0.09116706234589467,0.09116706234589467,lasso,with_prior_grades__baseline_features,True,False
address_R,-0.07751856244267849,0.07751856244267849,lasso,with_prior_grades__baseline_features,True,False
internet_no,-0.07361282851784881,0.07361282851784881,lasso,with_prior_grades__baseline_features,True,False
absences,0.06529198251881456,0.06529198251881456,lasso,with_prior_grades__baseline_features,True,False
Mjob_at_home,-0.0648751946258756,0.0648751946258756,lasso,with_prior_grades__baseline_features,True,False
health,-0.06216655114919378,0.06216655114919378,lasso,with_prior_grades__baseline_features,True,False
paid_no,0.06088636707681695,0.06088636707681695,lasso,with_prior_grades__baseline_features,True,False
traveltime,0.060700667061070315,0.060700667061070315,lasso,with_prior_grades__baseline_features,True,False
famsize_GT3,-0.057011558771273,0.057011558771273,lasso,with_prior_grades__baseline_features,True,False
Dalc,-0.04960179534079937,0.04960179534079937,lasso,with_prior_grades__baseline_features,True,False
studytime,0.044861470189913745,0.044861470189913745,lasso,with_prior_grades__baseline_features,True,False
famrel,-0.04195126914955513,0.04195126914955513,lasso,with_prior_grades__baseline_features,True,False
schoolsup_no,0.030774907138040923,0.030774907138040923,lasso,with_prior_grades__baseline_features,True,False
sex_F,0.03020371233998483,0.03020371233998483,lasso,with_prior_grades__baseline_features,True,False
romantic_no,-0.02395607842152832,0.02395607842152832,lasso,with_prior_grades__baseline_features,True,False
goout,0.013365553514410518,0.013365553514410518,lasso,with_prior_grades__baseline_features,True,False
age,0.00915422877839826,0.00915422877839826,lasso,with_prior_grades__baseline_features,True,False
Walc,0.003414760088751407,0.003414760088751407,lasso,with_prior_grades__baseline_features,True,False
activities_no,0.002011603540497201,0.002011603540497201,lasso,with_prior_grades__baseline_features,True,False
nursery_no,0.0007002605831428109,0.0007002605831428109,lasso,with_prior_grades__baseline_features,True,False
sex_M,-8.362169611326312e-16,8.362169611326312e-16,lasso,with_prior_grades__baseline_features,True,False
famsup_yes,6.758159312618799e-16,6.758159312618799e-16,lasso,with_prior_grades__baseline_features,True,False
school_MS,-4.573061506194089e-16,4.573061506194089e-16,lasso,with_prior_grades__baseline_features,True,False
nursery_yes,-4.3789500910099566e-16,4.3789500910099566e-16,lasso,with_prior_grades__baseline_features,True,False
romantic_yes,4.3508096927911483e-16,4.3508096927911483e-16,lasso,with_prior_grades__baseline_features,True,False
paid_yes,-4.311303776883313e-16,4.311303776883313e-16,lasso,with_prior_grades__baseline_features,True,False
internet_yes,2.129637191860925e-16,2.129637191860925e-16,lasso,with_prior_grades__baseline_features,True,False
activities_yes,-1.712095527500981e-16,1.712095527500981e-16,lasso,with_prior_grades__baseline_features,True,False
famsize_LE3,1.1950934069520573e-16,1.1950934069520573e-16,lasso,with_prior_grades__baseline_features,True,False
address_U,1.0396855889719923e-16,1.0396855889719923e-16,lasso,with_prior_grades__baseline_features,True,False
schoolsup_yes,-1.8664045664603054e-17,1.8664045664603054e-17,lasso,with_prior_grades__baseline_features,True,False
Pstatus_T,-0.0,0.0,lasso,with_prior_grades__baseline_features,True,False
Fedu,0.0,0.0,lasso,with_prior_grades__baseline_features,True,False
higher_yes,0.0,0.0,lasso,with_prior_grades__baseline_features,True,False
higher_no,-0.0,0.0,lasso,with_prior_grades__baseline_features,True,False
Pstatus_A,0.0,0.0,lasso,with_prior_grades__baseline_features,True,False
reason_home,0.0,0.0,lasso,with_prior_grades__baseline_features,True,False
reason_reputation,-0.0,0.0,lasso,with_prior_grades__baseline_features,True,False
Mjob_health,0.0,0.0,lasso,with_prior_grades__baseline_features,True,False
Mjob_services,0.0,0.0,lasso,with_prior_grades__baseline_features,True,False
Fjob_health,0.0,0.0,lasso,with_prior_grades__baseline_features,True,False
Fjob_other,0.0,0.0,lasso,with_prior_grades__baseline_features,True,False
Fjob_teacher,-0.0,0.0,lasso,with_prior_grades__baseline_features,True,False
guardian_mother,-0.0,0.0,lasso,with_prior_grades__baseline_features,True,False
guardian_father,-0.0,0.0,lasso,with_prior_grades__baseline_features,True,False
Mjob_teacher,0.0,0.0,lasso,with_prior_grades__baseline_features,True,False
G2,0.9304275500605511,0.9304275500605511,decision_tree,with_prior_grades__baseline_features,True,False
absences,0.025053404419690686,0.025053404419690686,decision_tree,with_prior_grades__baseline_features,True,False
school_MS,0.01785163504635223,0.01785163504635223,decision_tree,with_prior_grades__baseline_features,True,False
G1,0.006368746503639743,0.006368746503639743,decision_tree,with_prior_grades__baseline_features,True,False
freetime,0.005145515348501469,0.005145515348501469,decision_tree,with_prior_grades__baseline_features,True,False
Fedu,0.0032216399438344374,0.0032216399438344374,decision_tree,with_prior_grades__baseline_features,True,False
Dalc,0.0027424525097701404,0.0027424525097701404,decision_tree,with_prior_grades__baseline_features,True,False
famrel,0.0023806800213647065,0.0023806800213647065,decision_tree,with_prior_grades__baseline_features,True,False
Walc,0.0018783845963832003,0.0018783845963832003,decision_tree,with_prior_grades__baseline_features,True,False
failures,0.0013577695268974768,0.0013577695268974768,decision_tree,with_prior_grades__baseline_features,True,False
age,0.0012056707795088475,0.0012056707795088475,decision_tree,with_prior_grades__baseline_features,True,False
Medu,0.000852371531828139,0.000852371531828139,decision_tree,with_prior_grades__baseline_features,True,False
famsize_LE3,0.0008177790239503859,0.0008177790239503859,decision_tree,with_prior_grades__baseline_features,True,False
studytime,0.00046080244511312616,0.00046080244511312616,decision_tree,with_prior_grades__baseline_features,True,False
traveltime,0.00023559824261439396,0.00023559824261439396,decision_tree,with_prior_grades__baseline_features,True,False
guardian_father,0.0,0.0,decision_tree,with_prior_grades__baseline_features,True,False
paid_no,0.0,0.0,decision_tree,with_prior_grades__baseline_features,True,False
reason_reputation,0.0,0.0,decision_tree,with_prior_grades__baseline_features,True,False
guardian_mother,0.0,0.0,decision_tree,with_prior_grades__baseline_features,True,False
guardian_other,0.0,0.0,decision_tree,with_prior_grades__baseline_features,True,False
schoolsup_no,0.0,0.0,decision_tree,with_prior_grades__baseline_features,True,False
schoolsup_yes,0.0,0.0,decision_tree,with_prior_grades__baseline_features,True,False
famsup_no,0.0,0.0,decision_tree,with_prior_grades__baseline_features,True,False
famsup_yes,0.0,0.0,decision_tree,with_prior_grades__baseline_features,True,False
higher_no,0.0,0.0,decision_tree,with_prior_grades__baseline_features,True,False
paid_yes,0.0,0.0,decision_tree,with_prior_grades__baseline_features,True,False
activities_no,0.0,0.0,decision_tree,with_prior_grades__baseline_features,True,False
activities_yes,0.0,0.0,decision_tree,with_prior_grades__baseline_features,True,False
nursery_no,0.0,0.0,decision_tree,with_prior_grades__baseline_features,True,False
nursery_yes,0.0,0.0,decision_tree,with_prior_grades__baseline_features,True,False
reason_home,0.0,0.0,decision_tree,with_prior_grades__baseline_features,True,False
higher_yes,0.0,0.0,decision_tree,with_prior_grades__baseline_features,True,False
internet_no,0.0,0.0,decision_tree,with_prior_grades__baseline_features,True,False
internet_yes,0.0,0.0,decision_tree,with_prior_grades__baseline_features,True,False
romantic_no,0.0,0.0,decision_tree,with_prior_grades__baseline_features,True,False
reason_other,0.0,0.0,decision_tree,with_prior_grades__baseline_features,True,False
Mjob_teacher,0.0,0.0,decision_tree,with_prior_grades__baseline_features,True,False
reason_course,0.0,0.0,decision_tree,with_prior_grades__baseline_features,True,False
Pstatus_A,0.0,0.0,decision_tree,with_prior_grades__baseline_features,True,False
goout,0.0,0.0,decision_tree,with_prior_grades__baseline_features,True,False
health,0.0,0.0,decision_tree,with_prior_grades__baseline_features,True,False
school_GP,0.0,0.0,decision_tree,with_prior_grades__baseline_features,True,False
sex_F,0.0,0.0,decision_tree,with_prior_grades__baseline_features,True,False
sex_M,0.0,0.0,decision_tree,with_prior_grades__baseline_features,True,False
address_R,0.0,0.0,decision_tree,with_prior_grades__baseline_features,True,False
address_U,0.0,0.0,decision_tree,with_prior_grades__baseline_features,True,False
famsize_GT3,0.0,0.0,decision_tree,with_prior_grades__baseline_features,True,False
Pstatus_T,0.0,0.0,decision_tree,with_prior_grades__baseline_features,True,False
Fjob_teacher,0.0,0.0,decision_tree,with_prior_grades__baseline_features,True,False
Mjob_at_home,0.0,0.0,decision_tree,with_prior_grades__baseline_features,True,False
Mjob_health,0.0,0.0,decision_tree,with_prior_grades__baseline_features,True,False
Mjob_other,0.0,0.0,decision_tree,with_prior_grades__baseline_features,True,False
Mjob_services,0.0,0.0,decision_tree,with_prior_grades__baseline_features,True,False
Fjob_at_home,0.0,0.0,decision_tree,with_prior_grades__baseline_features,True,False
Fjob_health,0.0,0.0,decision_tree,with_prior_grades__baseline_features,True,False
Fjob_other,0.0,0.0,decision_tree,with_prior_grades__baseline_features,True,False
Fjob_services,0.0,0.0,decision_tree,with_prior_grades__baseline_features,True,False
romantic_yes,0.0,0.0,decision_tree,with_prior_grades__baseline_features,True,False
G2,2.478480302186663,2.478480302186663,linear_regression,with_prior_grades__with_interactions,True,True
G1,0.4552123453031636,0.4552123453031636,linear_regression,with_prior_grades__with_interactions,True,True
Fjob_at_home,0.33535713972189896,0.33535713972189896,linear_regression,with_prior_grades__with_interactions,True,True
Medu,-0.274158212544398,0.274158212544398,linear_regression,with_prior_grades__with_interactions,True,True
Mjob_other,-0.2714610038189644,0.2714610038189644,linear_regression,with_prior_grades__with_interactions,True,True
failures,-0.25373181971155123,0.25373181971155123,linear_regression,with_prior_grades__with_interactions,True,True
reason_other,-0.23390279120018287,0.23390279120018287,linear_regression,with_prior_grades__with_interactions,True,True
Medu_x_Fedu,0.21991507265392973,0.21991507265392973,linear_regression,with_prior_grades__with_interactions,True,True
Fjob_teacher,-0.19905887781235188,0.19905887781235188,linear_regression,with_prior_grades__with_interactions,True,True
guardian_other,0.19771195689409632,0.19771195689409632,linear_regression,with_prior_grades__with_interactions,True,True
Mjob_health,0.18709657858829093,0.18709657858829093,linear_regression,with_prior_grades__with_interactions,True,True
reason_course,0.1722092975148898,0.1722092975148898,linear_regression,with_prior_grades__with_interactions,True,True
Mjob_at_home,-0.1655115933907689,0.1655115933907689,linear_regression,with_prior_grades__with_interactions,True,True
Fjob_services,-0.16496726728749503,0.16496726728749503,linear_regression,with_prior_grades__with_interactions,True,True
school_MS,-0.16254977988248123,0.16254977988248123,linear_regression,with_prior_grades__with_interactions,True,True
school_GP,0.16254977988248098,0.16254977988248098,linear_regression,with_prior_grades__with_interactions,True,True
internet_yes,0.14884489435843407,0.14884489435843407,linear_regression,with_prior_grades__with_interactions,True,True
internet_no,-0.14884489435843398,0.14884489435843398,linear_regression,with_prior_grades__with_interactions,True,True
schoolsup_no,0.13753070378201487,0.13753070378201487,linear_regression,with_prior_grades__with_interactions,True,True
schoolsup_yes,-0.13753070378201449,0.13753070378201449,linear_regression,with_prior_grades__with_interactions,True,True
Mjob_teacher,0.1285351727386487,0.1285351727386487,linear_regression,with_prior_grades__with_interactions,True,True
studytime_x_failures,0.1243265724873267,0.1243265724873267,linear_regression,with_prior_grades__with_interactions,True,True
Mjob_services,0.12134084588279333,0.12134084588279333,linear_regression,with_prior_grades__with_interactions,True,True
freetime,-0.12019521034381864,0.12019521034381864,linear_regression,with_prior_grades__with_interactions,True,True
internet_x_studytime,-0.11103541743741428,0.11103541743741428,linear_regression,with_prior_grades__with_interactions,True,True
guardian_mother,-0.10700282586549634,0.10700282586549634,linear_regression,with_prior_grades__with_interactions,True,True
paid_no,0.10312347798243829,0.10312347798243829,linear_regression,with_prior_grades__with_interactions,True,True
paid_yes,-0.10312347798243776,0.10312347798243776,linear_regression,with_prior_grades__with_interactions,True,True
schoolsup_x_failures,0.09447801517627996,0.09447801517627996,linear_regression,with_prior_grades__with_interactions,True,True
guardian_father,-0.09070913102859979,0.09070913102859979,linear_regression,with_prior_grades__with_interactions,True,True
studytime,0.08844555860340994,0.08844555860340994,linear_regression,with_prior_grades__with_interactions,True,True
health,-0.08563169908521606,0.08563169908521606,linear_regression,with_prior_grades__with_interactions,True,True
Fedu,-0.08536000595197901,0.08536000595197901,linear_regression,with_prior_grades__with_interactions,True,True
traveltime,0.07371065952720274,0.07371065952720274,linear_regression,with_prior_grades__with_interactions,True,True
Dalc,-0.06463898154935085,0.06463898154935085,linear_regression,with_prior_grades__with_interactions,True,True
reason_home,0.06071904534332131,0.06071904534332131,linear_regression,with_prior_grades__with_interactions,True,True
famsup_no,-0.05661539185674656,0.05661539185674656,linear_regression,with_prior_grades__with_interactions,True,True
famsup_yes,0.056615391856746494,0.056615391856746494,linear_regression,with_prior_grades__with_interactions,True,True
address_U,0.050783033152244306,0.050783033152244306,linear_regression,with_prior_grades__with_interactions,True,True
address_R,-0.05078303315224424,0.05078303315224424,linear_regression,with_prior_grades__with_interactions,True,True
sex_F,0.04374836985567877,0.04374836985567877,linear_regression,with_prior_grades__with_interactions,True,True
sex_M,-0.043748369855678704,0.043748369855678704,linear_regression,with_prior_grades__with_interactions,True,True
famsize_GT3,-0.0420029982163205,0.0420029982163205,linear_regression,with_prior_grades__with_interactions,True,True
famsize_LE3,0.04200299821632031,0.04200299821632031,linear_regression,with_prior_grades__with_interactions,True,True
studytime_x_absences,0.0364145265047362,0.0364145265047362,linear_regression,with_prior_grades__with_interactions,True,True
nursery_yes,-0.03380965285835011,0.03380965285835011,linear_regression,with_prior_grades__with_interactions,True,True
nursery_no,0.033809652858350026,0.033809652858350026,linear_regression,with_prior_grades__with_interactions,True,True
famrel,-0.0312007606616187,0.0312007606616187,linear_regression,with_prior_grades__with_interactions,True,True
Walc,0.03019289168925912,0.03019289168925912,linear_regression,with_prior_grades__with_interactions,True,True
Fjob_other,0.02837233657341562,0.02837233657341562,linear_regression,with_prior_grades__with_interactions,True,True
romantic_yes,0.023832036929561762,0.023832036929561762,linear_regression,with_prior_grades__with_interactions,True,True
romantic_no,-0.023832036929561543,0.023832036929561543,linear_regression,with_prior_grades__with_interactions,True,True
goout,0.022825466692175223,0.022825466692175223,linear_regression,with_prior_grades__with_interactions,True,True
absences,0.02196468804309304,0.02196468804309304,linear_regression,with_prior_grades__with_interactions,True,True
higher_no,-0.01968910714999661,0.01968910714999661,linear_regression,with_prior_grades__with_interactions,True,True
higher_yes,0.0196891071499965,0.0196891071499965,linear_regression,with_prior_grades__with_interactions,True,True
Pstatus_A,0.01642708265322307,0.01642708265322307,linear_regression,with_prior_grades__with_interactions,True,True
Pstatus_T,-0.016427082653223013,0.016427082653223013,linear_regression,with_prior_grades__with_interactions,True,True
activities_no,0.015110949018975244,0.015110949018975244,linear_regression,with_prior_grades__with_interactions,True,True
activities_yes,-0.015110949018975143,0.015110949018975143,linear_regression,with_prior_grades__with_interactions,True,True
age,-0.0023190854282738134,0.0023190854282738134,linear_regression,with_prior_grades__with_interactions,True,True
reason_reputation,0.0009744483419721894,0.0009744483419721894,linear_regression,with_prior_grades__with_interactions,True,True
Fjob_health,0.00029666880453316224,0.00029666880453316224,linear_regression,with_prior_grades__with_interactions,True,True
G2,2.4622759442505076,2.4622759442505076,ridge,with_prior_grades__with_interactions,True,True
G1,0.4675192544742411,0.4675192544742411,ridge,with_prior_grades__with_interactions,True,True
Fjob_at_home,0.3249472455156599,0.3249472455156599,ridge,with_prior_grades__with_interactions,True,True
Mjob_other,-0.2681329317629433,0.2681329317629433,ridge,with_prior_grades__with_interactions,True,True
Medu,-0.26319014465008805,0.26319014465008805,ridge,with_prior_grades__with_interactions,True,True
failures,-0.2508368685701866,0.2508368685701866,ridge,with_prior_grades__with_interactions,True,True
reason_other,-0.2325963808149469,0.2325963808149469,ridge,with_prior_grades__with_interactions,True,True
Medu_x_Fedu,0.20314065577586343,0.20314065577586343,ridge,with_prior_grades__with_interactions,True,True
guardian_other,0.1935941017125245,0.1935941017125245,ridge,with_prior_grades__with_interactions,True,True
Fjob_teacher,-0.18572721802355144,0.18572721802355144,ridge,with_prior_grades__with_interactions,True,True
Mjob_health,0.18288755728518197,0.18288755728518197,ridge,with_prior_grades__with_interactions,True,True
reason_course,0.17133630156303345,0.17133630156303345,ridge,with_prior_grades__with_interactions,True,True
Fjob_services,-0.16611526125026435,0.16611526125026435,ridge,with_prior_grades__with_interactions,True,True
school_GP,0.1612603826552181,0.1612603826552181,ridge,with_prior_grades__with_interactions,True,True
school_MS,-0.16126038265521608,0.16126038265521608,ridge,with_prior_grades__with_interactions,True,True
Mjob_at_home,-0.15972015604382792,0.15972015604382792,ridge,with_prior_grades__with_interactions,True,True
internet_no,-0.14226229619587527,0.14226229619587527,ridge,with_prior_grades__with_interactions,True,True
internet_yes,0.1422622961958738,0.1422622961958738,ridge,with_prior_grades__with_interactions,True,True
schoolsup_yes,-0.13563440694955903,0.13563440694955903,ridge,with_prior_grades__with_interactions,True,True
schoolsup_no,0.1356344069495228,0.1356344069495228,ridge,with_prior_grades__with_interactions,True,True
Mjob_teacher,0.125627207366644,0.125627207366644,ridge,with_prior_grades__with_interactions,True,True
studytime_x_failures,0.12043290975886131,0.12043290975886131,ridge,with_prior_grades__with_interactions,True,True
freetime,-0.11954915812708193,0.11954915812708193,ridge,with_prior_grades__with_interactions,True,True
Mjob_services,0.11933832315478334,0.11933832315478334,ridge,with_prior_grades__with_interactions,True,True
guardian_mother,-0.10485268334065338,0.10485268334065338,ridge,with_prior_grades__with_interactions,True,True
internet_x_studytime,-0.1034839939021142,0.1034839939021142,ridge,with_prior_grades__with_interactions,True,True
paid_no,0.10033546511927909,0.10033546511927909,ridge,with_prior_grades__with_interactions,True,True
paid_yes,-0.10033546511926895,0.10033546511926895,ridge,with_prior_grades__with_interactions,True,True
schoolsup_x_failures,0.09409027035739143,0.09409027035739143,ridge,with_prior_grades__with_interactions,True,True
guardian_father,-0.0887414183719315,0.0887414183719315,ridge,with_prior_grades__with_interactions,True,True
health,-0.08566171606459852,0.08566171606459852,ridge,with_prior_grades__with_interactions,True,True
studytime,0.08463974929160233,0.08463974929160233,ridge,with_prior_grades__with_interactions,True,True
Fedu,-0.07648460501570066,0.07648460501570066,ridge,with_prior_grades__with_interactions,True,True
traveltime,0.07333959722791528,0.07333959722791528,ridge,with_prior_grades__with_interactions,True,True
Dalc,-0.06498609863155651,0.06498609863155651,ridge,with_prior_grades__with_interactions,True,True
reason_home,0.05865871036697423,0.05865871036697423,ridge,with_prior_grades__with_interactions,True,True
famsup_no,-0.05700267679085548,0.05700267679085548,ridge,with_prior_grades__with_interactions,True,True
famsup_yes,0.057002676790855286,0.057002676790855286,ridge,with_prior_grades__with_interactions,True,True
address_U,0.051433858540277134,0.051433858540277134,ridge,with_prior_grades__with_interactions,True,True
address_R,-0.05143385854008092,0.05143385854008092,ridge,with_prior_grades__with_interactions,True,True
sex_M,-0.04367296411740585,0.04367296411740585,ridge,with_prior_grades__with_interactions,True,True
sex_F,0.04367296411739805,0.04367296411739805,ridge,with_prior_grades__with_interactions,True,True
famsize_LE3,0.04246699708341562,0.04246699708341562,ridge,with_prior_grades__with_interactions,True,True
famsize_GT3,-0.04246699708341541,0.04246699708341541,ridge,with_prior_grades__with_interactions,True,True
studytime_x_absences,0.03681397004906265,0.03681397004906265,ridge,with_prior_grades__with_interactions,True,True
nursery_yes,-0.03370461128816184,0.03370461128816184,ridge,with_prior_grades__with_interactions,True,True
nursery_no,0.03370461128812052,0.03370461128812052,ridge,with_prior_grades__with_interactions,True,True
famrel,-0.031063869343347865,0.031063869343347865,ridge,with_prior_grades__with_interactions,True,True
Walc,0.02995115177597797,0.02995115177597797,ridge,with_prior_grades__with_interactions,True,True
Fjob_other,0.02643856186117653,0.02643856186117653,ridge,with_prior_grades__with_interactions,True,True
romantic_no,-0.022723687613603435,0.022723687613603435,ridge,with_prior_grades__with_interactions,True,True
romantic_yes,0.022723687613600208,0.022723687613600208,ridge,with_prior_grades__with_interactions,True,True
goout,0.022048970021640496,0.022048970021640496,ridge,with_prior_grades__with_interactions,True,True
absences,0.02191722394291417,0.02191722394291417,ridge,with_prior_grades__with_interactions,True,True
higher_yes,0.01987885095773686,0.01987885095773686,ridge,with_prior_grades__with_interactions,True,True
higher_no,-0.01987885095773685,0.01987885095773685,ridge,with_prior_grades__with_interactions,True,True
Pstatus_T,-0.016927386904703672,0.016927386904703672,ridge,with_prior_grades__with_interactions,True,True
Pstatus_A,0.01692738690470288,0.01692738690470288,ridge,with_prior_grades__with_interactions,True,True
activities_yes,-0.014794899180221692,0.014794899180221692,ridge,with_prior_grades__with_interactions,True,True
activities_no,0.014794899180221664,0.014794899180221664,ridge,with_prior_grades__with_interactions,True,True
reason_reputation,0.002601368884846134,0.002601368884846134,ridge,with_prior_grades__with_interactions,True,True
Fjob_health,0.00045667189675061915,0.00045667189675061915,ridge,with_prior_grades__with_interactions,True,True
age,-1.277765388016721e-05,1.277765388016721e-05,ridge,with_prior_grades__with_interactions,True,True
G2,2.4768376417950853,2.4768376417950853,lasso,with_prior_grades__with_interactions,True,True
G1,0.47326858179478726,0.47326858179478726,lasso,with_prior_grades__with_interactions,True,True
Mjob_other,-0.25831452044033487,0.25831452044033487,lasso,with_prior_grades__with_interactions,True,True
school_GP,0.25740838104254,0.25740838104254,lasso,with_prior_grades__with_interactions,True,True
reason_other,-0.2204874736263945,0.2204874736263945,lasso,with_prior_grades__with_interactions,True,True
Fjob_at_home,0.1520596729142849,0.1520596729142849,lasso,with_prior_grades__with_interactions,True,True
failures,-0.1457632770172178,0.1457632770172178,lasso,with_prior_grades__with_interactions,True,True
guardian_other,0.1414721926751379,0.1414721926751379,lasso,with_prior_grades__with_interactions,True,True
Fjob_services,-0.12855279406739953,0.12855279406739953,lasso,with_prior_grades__with_interactions,True,True
schoolsup_no,0.12233288026977114,0.12233288026977114,lasso,with_prior_grades__with_interactions,True,True
reason_course,0.11139988909802767,0.11139988909802767,lasso,with_prior_grades__with_interactions,True,True
Medu,-0.10526399033702051,0.10526399033702051,lasso,with_prior_grades__with_interactions,True,True
famsup_no,-0.09667313942069292,0.09667313942069292,lasso,with_prior_grades__with_interactions,True,True
freetime,-0.09153085124769236,0.09153085124769236,lasso,with_prior_grades__with_interactions,True,True
Mjob_at_home,-0.08891552863511853,0.08891552863511853,lasso,with_prior_grades__with_interactions,True,True
address_R,-0.08484940145044455,0.08484940145044455,lasso,with_prior_grades__with_interactions,True,True
schoolsup_x_failures,0.07446889143516948,0.07446889143516948,lasso,with_prior_grades__with_interactions,True,True
studytime_x_absences,0.06553928902441299,0.06553928902441299,lasso,with_prior_grades__with_interactions,True,True
famsize_GT3,-0.06432761547190509,0.06432761547190509,lasso,with_prior_grades__with_interactions,True,True
health,-0.06392433442860246,0.06392433442860246,lasso,with_prior_grades__with_interactions,True,True
traveltime,0.056997557692335395,0.056997557692335395,lasso,with_prior_grades__with_interactions,True,True
internet_no,-0.0549582794310669,0.0549582794310669,lasso,with_prior_grades__with_interactions,True,True
paid_no,0.043981741940979355,0.043981741940979355,lasso,with_prior_grades__with_interactions,True,True
Dalc,-0.04381729272340043,0.04381729272340043,lasso,with_prior_grades__with_interactions,True,True
famrel,-0.03885527066012827,0.03885527066012827,lasso,with_prior_grades__with_interactions,True,True
sex_F,0.0367845490614053,0.0367845490614053,lasso,with_prior_grades__with_interactions,True,True
studytime_x_failures,0.031840806999640654,0.031840806999640654,lasso,with_prior_grades__with_interactions,True,True
studytime,0.0199177682578991,0.0199177682578991,lasso,with_prior_grades__with_interactions,True,True
goout,0.016202403676670793,0.016202403676670793,lasso,with_prior_grades__with_interactions,True,True
romantic_no,-0.01104547710662437,0.01104547710662437,lasso,with_prior_grades__with_interactions,True,True
absences,0.007204484030119903,0.007204484030119903,lasso,with_prior_grades__with_interactions,True,True
internet_x_studytime,0.006434511223949867,0.006434511223949867,lasso,with_prior_grades__with_interactions,True,True
nursery_no,0.006170432073178623,0.006170432073178623,lasso,with_prior_grades__with_interactions,True,True
age,0.004174207164758455,0.004174207164758455,lasso,with_prior_grades__with_interactions,True,True
school_MS,-1.0495550997822499e-15,1.0495550997822499e-15,lasso,with_prior_grades__with_interactions,True,True
address_U,9.197218671675318e-16,9.197218671675318e-16,lasso,with_prior_grades__with_interactions,True,True
paid_yes,-4.598724028675534e-16,4.598724028675534e-16,lasso,with_prior_grades__with_interactions,True,True
sex_M,-4.1114000589021036e-16,4.1114000589021036e-16,lasso,with_prior_grades__with_interactions,True,True
schoolsup_yes,-3.7328091329206107e-16,3.7328091329206107e-16,lasso,with_prior_grades__with_interactions,True,True
famsize_LE3,2.9023697025978537e-16,2.9023697025978537e-16,lasso,with_prior_grades__with_interactions,True,True
romantic_yes,1.4748507433190335e-16,1.4748507433190335e-16,lasso,with_prior_grades__with_interactions,True,True
internet_yes,1.0185221352378336e-16,1.0185221352378336e-16,lasso,with_prior_grades__with_interactions,True,True
nursery_yes,-6.408219645380425e-17,6.408219645380425e-17,lasso,with_prior_grades__with_interactions,True,True
famsup_yes,1.4533675941115697e-17,1.4533675941115697e-17,lasso,with_prior_grades__with_interactions,True,True
reason_home,0.0,0.0,lasso,with_prior_grades__with_interactions,True,True
activities_no,0.0,0.0,lasso,with_prior_grades__with_interactions,True,True
Fedu,0.0,0.0,lasso,with_prior_grades__with_interactions,True,True
Walc,0.0,0.0,lasso,with_prior_grades__with_interactions,True,True
higher_yes,0.0,0.0,lasso,with_prior_grades__with_interactions,True,True
higher_no,-0.0,0.0,lasso,with_prior_grades__with_interactions,True,True
Medu_x_Fedu,0.0,0.0,lasso,with_prior_grades__with_interactions,True,True
activities_yes,-0.0,0.0,lasso,with_prior_grades__with_interactions,True,True
Pstatus_A,0.0,0.0,lasso,with_prior_grades__with_interactions,True,True
Fjob_teacher,-0.0,0.0,lasso,with_prior_grades__with_interactions,True,True
Pstatus_T,-0.0,0.0,lasso,with_prior_grades__with_interactions,True,True
Mjob_services,0.0,0.0,lasso,with_prior_grades__with_interactions,True,True
Mjob_teacher,0.0,0.0,lasso,with_prior_grades__with_interactions,True,True
Fjob_health,0.0,0.0,lasso,with_prior_grades__with_interactions,True,True
Fjob_other,0.0,0.0,lasso,with_prior_grades__with_interactions,True,True
guardian_mother,-0.0,0.0,lasso,with_prior_grades__with_interactions,True,True
guardian_father,-0.0,0.0,lasso,with_prior_grades__with_interactions,True,True
reason_reputation,-0.0,0.0,lasso,with_prior_grades__with_interactions,True,True
Mjob_health,0.0,0.0,lasso,with_prior_grades__with_interactions,True,True
G2,0.9297491638994922,0.9297491638994922,decision_tree,with_prior_grades__with_interactions,True,True
school_MS,0.01661284504303458,0.01661284504303458,decision_tree,with_prior_grades__with_interactions,True,True
studytime_x_absences,0.016275959845688324,0.016275959845688324,decision_tree,with_prior_grades__with_interactions,True,True
absences,0.008759177828950988,0.008759177828950988,decision_tree,with_prior_grades__with_interactions,True,True
studytime_x_failures,0.00577326803721625,0.00577326803721625,decision_tree,with_prior_grades__with_interactions,True,True
G1,0.0056377182867723185,0.0056377182867723185,decision_tree,with_prior_grades__with_interactions,True,True
Fedu,0.0032192910065596656,0.0032192910065596656,decision_tree,with_prior_grades__with_interactions,True,True
Dalc,0.0027404529539424263,0.0027404529539424263,decision_tree,with_prior_grades__with_interactions,True,True
famrel,0.002378944238304222,0.002378944238304222,decision_tree,with_prior_grades__with_interactions,True,True
Walc,0.0018770150430899326,0.0018770150430899326,decision_tree,with_prior_grades__with_interactions,True,True
failures,0.0013567795604493694,0.0013567795604493694,decision_tree,with_prior_grades__with_interactions,True,True
romantic_yes,0.0012257741568211292,0.0012257741568211292,decision_tree,with_prior_grades__with_interactions,True,True
age,0.0012047917101266493,0.0012047917101266493,decision_tree,with_prior_grades__with_interactions,True,True
Medu,0.0008517500572692277,0.0008517500572692277,decision_tree,with_prior_grades__with_interactions,True,True
Medu_x_Fedu,0.0008239926276408176,0.0008239926276408176,decision_tree,with_prior_grades__with_interactions,True,True
famsize_LE3,0.0008171827712140863,0.0008171827712140863,decision_tree,with_prior_grades__with_interactions,True,True
studytime,0.0004604664683874515,0.0004604664683874515,decision_tree,with_prior_grades__with_interactions,True,True
traveltime,0.0002354264650403647,0.0002354264650403647,decision_tree,with_prior_grades__with_interactions,True,True
health,0.0,0.0,decision_tree,with_prior_grades__with_interactions,True,True
paid_no,0.0,0.0,decision_tree,with_prior_grades__with_interactions,True,True
reason_reputation,0.0,0.0,decision_tree,with_prior_grades__with_interactions,True,True
guardian_father,0.0,0.0,decision_tree,with_prior_grades__with_interactions,True,True
guardian_mother,0.0,0.0,decision_tree,with_prior_grades__with_interactions,True,True
guardian_other,0.0,0.0,decision_tree,with_prior_grades__with_interactions,True,True
schoolsup_no,0.0,0.0,decision_tree,with_prior_grades__with_interactions,True,True
schoolsup_yes,0.0,0.0,decision_tree,with_prior_grades__with_interactions,True,True
famsup_no,0.0,0.0,decision_tree,with_prior_grades__with_interactions,True,True
famsup_yes,0.0,0.0,decision_tree,with_prior_grades__with_interactions,True,True
activities_no,0.0,0.0,decision_tree,with_prior_grades__with_interactions,True,True
paid_yes,0.0,0.0,decision_tree,with_prior_grades__with_interactions,True,True
reason_home,0.0,0.0,decision_tree,with_prior_grades__with_interactions,True,True
activities_yes,0.0,0.0,decision_tree,with_prior_grades__with_interactions,True,True
nursery_no,0.0,0.0,decision_tree,with_prior_grades__with_interactions,True,True
nursery_yes,0.0,0.0,decision_tree,with_prior_grades__with_interactions,True,True
higher_no,0.0,0.0,decision_tree,with_prior_grades__with_interactions,True,True
higher_yes,0.0,0.0,decision_tree,with_prior_grades__with_interactions,True,True
internet_no,0.0,0.0,decision_tree,with_prior_grades__with_interactions,True,True
internet_yes,0.0,0.0,decision_tree,with_prior_grades__with_interactions,True,True
romantic_no,0.0,0.0,decision_tree,with_prior_grades__with_interactions,True,True
reason_other,0.0,0.0,decision_tree,with_prior_grades__with_interactions,True,True
Fjob_services,0.0,0.0,decision_tree,with_prior_grades__with_interactions,True,True
reason_course,0.0,0.0,decision_tree,with_prior_grades__with_interactions,True,True
Fjob_teacher,0.0,0.0,decision_tree,with_prior_grades__with_interactions,True,True
freetime,0.0,0.0,decision_tree,with_prior_grades__with_interactions,True,True
schoolsup_x_failures,0.0,0.0,decision_tree,with_prior_grades__with_interactions,True,True
internet_x_studytime,0.0,0.0,decision_tree,with_prior_grades__with_interactions,True,True
school_GP,0.0,0.0,decision_tree,with_prior_grades__with_interactions,True,True
sex_F,0.0,0.0,decision_tree,with_prior_grades__with_interactions,True,True
sex_M,0.0,0.0,decision_tree,with_prior_grades__with_interactions,True,True
address_R,0.0,0.0,decision_tree,with_prior_grades__with_interactions,True,True
address_U,0.0,0.0,decision_tree,with_prior_grades__with_interactions,True,True
famsize_GT3,0.0,0.0,decision_tree,with_prior_grades__with_interactions,True,True
Pstatus_A,0.0,0.0,decision_tree,with_prior_grades__with_interactions,True,True
Pstatus_T,0.0,0.0,decision_tree,with_prior_grades__with_interactions,True,True
Mjob_at_home,0.0,0.0,decision_tree,with_prior_grades__with_interactions,True,True
Mjob_other,0.0,0.0,decision_tree,with_prior_grades__with_interactions,True,True
Mjob_services,0.0,0.0,decision_tree,with_prior_grades__with_interactions,True,True
Mjob_teacher,0.0,0.0,decision_tree,with_prior_grades__with_interactions,True,True
Fjob_at_home,0.0,0.0,decision_tree,with_prior_grades__with_interactions,True,True
Fjob_health,0.0,0.0,decision_tree,with_prior_grades__with_interactions,True,True
Fjob_other,0.0,0.0,decision_tree,with_prior_grades__with_interactions,True,True
goout,0.0,0.0,decision_tree,with_prior_grades__with_interactions,True,True
Mjob_health,0.0,0.0,decision_tree,with_prior_grades__with_interactions,True,True
